-99963
-99953
-99934
-99896
-99845
-99795
-99776
-99754
-99753
-99687
-99625
-99580
-99533
-99484
-99481
-99458
-99416
-99357
-99331
-99237
-99074
-99012
-98988
-98984
-98971
-98964
-98955
-98950
-98940
-98899
-98896
-98849
-98723
-98658
-98610
-98595
-98587
-98494
-98488
-98468
-98194
-98186
-98161
-98134
-98103
-98046
-97974
-97915
-97833
-97801
-97794
-97794
-97730
-97676
-97659
-97579
-97576
-97570
-97560
-97539
-97520
-97479
-97458
-97400
-97382
-97347
-97320
-97266
-97185
-97122
-97092
-97067
-96940
-96909
-96873
-96836
-96807
-96683
-96568
-96525
-96497
-96463
-96428
-96426
-96411
-96400
-96399
-96385
-96378
-96356
-96354
-96352
-96327
-96322
-96315
-96162
-96058
-95995
-95986
-95884
-95828
-95811
-95747
-95636
-95593
-95576
-95564
-95507
-95422
-95414
-95396
-95388
-95346
-95330
-95273
-95162
-95137
-95120
-95083
-94972
-94930
-94923
-94917
-94911
-94872
-94838
-94761
-94727
-94698
-94694
-94581
-94567
-94565
-94516
-94493
-94477
-94244
-94186
-94151
-94128
-94122
-94067
-94006
-93923
-93906
-93900
-93870
-93813
-93809
-93777
-93774
-93764
-93740
-93738
-93715
-93683
-93640
-93537
-93495
-93471
-93431
-93390
-93363
-93360
-93324
-93294
-93278
-93225
-93211
-93163
-93155
-93123
-93108
-93066
-93027
-92938
-92916
-92886
-92812
-92768
-92743
-92691
-92666
-92664
-92656
-92654
-92636
-92623
-92599
-92531
-92481
-92404
-92396
-92315
-92234
-92208
-92201
-92163
-92138
-92132
-92115
-92109
-92077
-92047
-91979
-91914
-91889
-91855
-91850
-91845
-91827
-91787
-91764
-91686
-91666
-91610
-91596
-91582
-91474
-91368
-91366
-91320
-91318
-91280
-91268
-91253
-91253
-91167
-91125
-91123
-91081
-91045
-91030
-90980
-90957
-90955
-90940
-90911
-90871
-90852
-90828
-90800
-90776
-90710
-90700
-90667
-90621
-90611
-90607
-90457
-90434
-90389
-90382
-90372
-90358
-90244
-90101
-90032
-89847
-89773
-89715
-89705
-89681
-89673
-89664
-89661
-89636
-89609
-89606
-89549
-89533
-89464
-89440
-89303
-89229
-89048
-89024
-88870
-88826
-88773
-88740
-88725
-88718
-88589
-88583
-88544
-88489
-88471
-88452
-88444
-88432
-88428
-88416
-88384
-88368
-88362
-88310
-88290
-88182
-88095
-87972
-87947
-87930
-87785
-87731
-87697
-87546
-87542
-87532
-87492
-87470
-87379
-87325
-87298
-87289
-87272
-87159
-87102
-87077
-87063
-87030
-87022
-87003
-86990
-86960
-86929
-86927
-86875
-86859
-86753
-86712
-86701
-86677
-86670
-86585
-86565
-86530
-86524
-86478
-86467
-86433
-86366
-86350
-86332
-86299
-86258
-86216
-86209
-86174
-86150
-86128
-86116
-86072
-86014
-85994
-85917
-85887
-85814
-85812
-85799
-85763
-85749
-85744
-85658
-85584
-85561
-85517
-85511
-85466
-85448
-85361
-85301
-85241
-85191
-85152
-85090
-85074
-85062
-84973
-84931
-84929
-84914
-84900
-84828
-84814
-84774
-84760
-84717
-84610
-84604
-84589
-84585
-84536
-84477
-84453
-84447
-84309
-84285
-84207
-84119
-84117
-84007
-83977
-83964
-83954
-83880
-83830
-83826
-83817
-83791
-83731
-83695
-83682
-83674
-83655
-83649
-83566
-83559
-83524
-83499
-83477
-83451
-83441
-83422
-83344
-83308
-83300
-83181
-83179
-83172
-83122
-83097
-83042
-83033
-82931
-82930
-82899
-82869
-82715
-82659
-82616
-82615
-82603
-82593
-82582
-82565
-82542
-82472
-82427
-82427
-82423
-82360
-82319
-82302
-82292
-82289
-82280
-82260
-82247
-82232
-82176
-82160
-82118
-82075
-81942
-81933
-81904
-81879
-81800
-81768
-81759
-81743
-81703
-81684
-81661
-81660
-81641
-81626
-81543
-81542
-81415
-81402
-81394
-81380
-81319
-81266
-81265
-81249
-81229
-81226
-81220
-81204
-81193
-81170
-81169
-81112
-80998
-80948
-80918
-80893
-80857
-80765
-80694
-80665
-80565
-80522
-80488
-80466
-80434
-80384
-80321
-80226
-80165
-80140
-80112
-80005
-80003
-79873
-79845
-79841
-79791
-79776
-79748
-79716
-79706
-79644
-79570
-79562
-79558
-79498
-79442
-79417
-79404
-79382
-79376
-79339
-79179
-79178
-79173
-79155
-79151
-79087
-79027
-79014
-78949
-78927
-78906
-78902
-78867
-78862
-78834
-78814
-78732
-78685
-78682
-78681
-78661
-78649
-78625
-78604
-78566
-78422
-78412
-78395
-78217
-78178
-78107
-78107
-78053
-77990
-77906
-77874
-77856
-77851
-77839
-77822
-77802
-77761
-77616
-77613
-77593
-77540
-77484
-77412
-77378
-77353
-77307
-77306
-77289
-77233
-77209
-77181
-77153
-77147
-77103
-77047
-77033
-77014
-76944
-76853
-76832
-76827
-76786
-76773
-76727
-76661
-76621
-76587
-76539
-76495
-76472
-76471
-76450
-76367
-76333
-76237
-76082
-76048
-76035
-76027
-75967
-75959
-75951
-75933
-75896
-75889
-75887
-75873
-75795
-75723
-75723
-75700
-75648
-75623
-75593
-75593
-75583
-75578
-75525
-75514
-75445
-75438
-75406
-75400
-75356
-75156
-75141
-75113
-75068
-75058
-75036
-74963
-74954
-74852
-74750
-74747
-74588
-74560
-74510
-74503
-74484
-74462
-74458
-74403
-74391
-74381
-74322
-74311
-74300
-74251
-74231
-74226
-74224
-74168
-74097
-74035
-73991
-73983
-73870
-73858
-73826
-73751
-73733
-73730
-73703
-73687
-73662
-73655
-73545
-73526
-73495
-73457
-73457
-73451
-73377
-73371
-73363
-73304
-73240
-73230
-73197
-73117
-73000
-72967
-72930
-72843
-72726
-72712
-72676
-72637
-72623
-72578
-72496
-72496
-72436
-72330
-72235
-72235
-72226
-72177
-72161
-72161
-72151
-72146
-72134
-72129
-72102
-72070
-72046
-71997
-71996
-71984
-71978
-71890
-71858
-71829
-71816
-71808
-71784
-71745
-71645
-71606
-71573
-71550
-71501
-71482
-71427
-71402
-71375
-71292
-71021
-71007
-70849
-70816
-70726
-70679
-70588
-70586
-70510
-70453
-70404
-70383
-70332
-70268
-70241
-70223
-70202
-70200
-70153
-70084
-70060
-70017
-69991
-69967
-69917
-69896
-69865
-69857
-69789
-69751
-69686
-69683
-69665
-69620
-69595
-69579
-69517
-69493
-69429
-69404
-69330
-69269
-69242
-69221
-69171
-69136
-69128
-69108
-69066
-68992
-68952
-68801
-68797
-68770
-68768
-68724
-68713
-68673
-68605
-68532
-68409
-68279
-68271
-68219
-68213
-68151
-68143
-68140
-68091
-67995
-67986
-67920
-67864
-67848
-67839
-67835
-67831
-67756
-67676
-67675
-67666
-67647
-67598
-67554
-67524
-67477
-67413
-67296
-67276
-67269
-67264
-67200
-67147
-67069
-67059
-67037
-67035
-67033
-66960
-66952
-66947
-66942
-66898
-66896
-66875
-66845
-66809
-66793
-66757
-66744
-66734
-66725
-66654
-66628
-66623
-66594
-66592
-66574
-66528
-66504
-66476
-66397
-66342
-66333
-66311
-66229
-66213
-66184
-66102
-66064
-66049
-65905
-65896
-65884
-65867
-65823
-65664
-65631
-65536
-65360
-65341
-65327
-65326
-65304
-65295
-65250
-65250
-65248
-65221
-65178
-65162
-65127
-65046
-65033
-65024
-65009
-64940
-64934
-64926
-64815
-64723
-64695
-64623
-64598
-64578
-64570
-64566
-64515
-64512
-64447
-64393
-64350
-64326
-64311
-64291
-64236
-64101
-64064
-63998
-63987
-63885
-63881
-63805
-63770
-63754
-63736
-63713
-63713
-63681
-63635
-63624
-63615
-63579
-63577
-63553
-63544
-63427
-63397
-63319
-63313
-63155
-63134
-63126
-63108
-63105
-63096
-63083
-63029
-62974
-62961
-62955
-62934
-62909
-62906
-62895
-62780
-62736
-62719
-62713
-62697
-62687
-62686
-62656
-62592
-62518
-62395
-62376
-62330
-62259
-62156
-62061
-61935
-61863
-61818
-61762
-61748
-61644
-61627
-61543
-61481
-61374
-61210
-61146
-61124
-61089
-61076
-61076
-60952
-60878
-60845
-60842
-60832
-60804
-60781
-60778
-60569
-60506
-60381
-60257
-60232
-60229
-60099
-60092
-60066
-59970
-59928
-59895
-59828
-59814
-59738
-59728
-59675
-59656
-59654
-59630
-59597
-59504
-59413
-59388
-59356
-59285
-59260
-59247
-59193
-59091
-59024
-59003
-59000
-58991
-58985
-58972
-58884
-58863
-58832
-58763
-58734
-58716
-58663
-58602
-58555
-58538
-58423
-58412
-58298
-58227
-58217
-58186
-58174
-58130
-58050
-58032
-58019
-57930
-57868
-57711
-57649
-57604
-57591
-57532
-57471
-57464
-57455
-57407
-57379
-57298
-57082
-57012
-56960
-56894
-56865
-56836
-56793
-56790
-56782
-56735
-56652
-56638
-56558
-56422
-56396
-56350
-56312
-56312
-56298
-56247
-56187
-56157
-56098
-55981
-55964
-55955
-55952
-55903
-55888
-55878
-55846
-55840
-55788
-55758
-55606
-55579
-55485
-55281
-55277
-55237
-55230
-55146
-55112
-55079
-55077
-55060
-54956
-54937
-54934
-54913
-54892
-54892
-54771
-54744
-54730
-54701
-54669
-54654
-54607
-54564
-54546
-54530
-54529
-54521
-54518
-54450
-54432
-54413
-54384
-54309
-54303
-54290
-54275
-54272
-54241
-54221
-54195
-54150
-54121
-54009
-53999
-53990
-53963
-53951
-53886
-53866
-53834
-53822
-53785
-53774
-53666
-53611
-53558
-53490
-53471
-53448
-53446
-53408
-53357
-53355
-53279
-53258
-53163
-53088
-53072
-53065
-52993
-52953
-52862
-52842
-52829
-52819
-52803
-52790
-52777
-52663
-52643
-52626
-52595
-52555
-52550
-52514
-52499
-52492
-52491
-52473
-52364
-52353
-52281
-52262
-52245
-52241
-52229
-52189
-52164
-52098
-52088
-52043
-52025
-51971
-51862
-51795
-51783
-51760
-51630
-51621
-51591
-51589
-51568
-51518
-51506
-51366
-51305
-51304
-51269
-51202
-51175
-51171
-51132
-51130
-50943
-50930
-50809
-50786
-50720
-50664
-50625
-50619
-50604
-50580
-50554
-50531
-50492
-50454
-50355
-50302
-50284
-50257
-50255
-50142
-50091
-50067
-49997
-49952
-49950
-49908
-49854
-49828
-49807
-49712
-49644
-49640
-49552
-49539
-49513
-49498
-49495
-49470
-49402
-49389
-49264
-49223
-49217
-49205
-49168
-49155
-49136
-49122
-49072
-49066
-48939
-48918
-48902
-48871
-48797
-48787
-48759
-48694
-48688
-48661
-48645
-48623
-48591
-48479
-48464
-48423
-48420
-48412
-48374
-48366
-48351
-48314
-48276
-48263
-48244
-48204
-48141
-48133
-48116
-48049
-48040
-48038
-48010
-47969
-47954
-47943
-47861
-47858
-47834
-47822
-47659
-47547
-47465
-47378
-47337
-47263
-47021
-46991
-46960
-46923
-46880
-46830
-46813
-46796
-46701
-46644
-46595
-46445
-46388
-46372
-46305
-46266
-46265
-46208
-46202
-46152
-46134
-46118
-46050
-46036
-46018
-45951
-45851
-45834
-45809
-45771
-45730
-45692
-45686
-45663
-45610
-45574
-45571
-45540
-45539
-45475
-45408
-45386
-45348
-45319
-45275
-45242
-45208
-45189
-45168
-45157
-45092
-45056
-45054
-45054
-45039
-44924
-44878
-44856
-44847
-44800
-44712
-44637
-44635
-44625
-44619
-44547
-44524
-44483
-44450
-44436
-44420
-44282
-44271
-44226
-44145
-44127
-44088
-44060
-44048
-44013
-44004
-43993
-43864
-43846
-43813
-43808
-43722
-43696
-43629
-43593
-43563
-43514
-43451
-43332
-43245
-43235
-43229
-43216
-43088
-43032
-43026
-43019
-42981
-42942
-42858
-42844
-42819
-42692
-42593
-42573
-42552
-42414
-42319
-42274
-42263
-42261
-42151
-42050
-41883
-41754
-41668
-41571
-41557
-41436
-41371
-41358
-41303
-41302
-41282
-41191
-41167
-41110
-41107
-41101
-40992
-40945
-40942
-40911
-40873
-40746
-40739
-40702
-40698
-40693
-40655
-40626
-40600
-40576
-40553
-40530
-40529
-40491
-40473
-40408
-40325
-40255
-40233
-40111
-40081
-40016
-39902
-39830
-39825
-39807
-39747
-39725
-39588
-39534
-39511
-39375
-39347
-39345
-39211
-39152
-39077
-39064
-39050
-39044
-38938
-38927
-38895
-38879
-38861
-38749
-38737
-38542
-38445
-38414
-38388
-38260
-38126
-38095
-38013
-37928
-37814
-37804
-37757
-37739
-37718
-37711
-37706
-37658
-37656
-37637
-37610
-37571
-37546
-37530
-37429
-37368
-37359
-37255
-37207
-37188
-37130
-37129
-37081
-37016
-36962
-36942
-36919
-36769
-36761
-36648
-36616
-36616
-36611
-36561
-36494
-36399
-36378
-36250
-36227
-36205
-36180
-36137
-36067
-35990
-35988
-35872
-35852
-35844
-35784
-35684
-35584
-35581
-35579
-35557
-35529
-35495
-35490
-35463
-35409
-35398
-35374
-35360
-35326
-35300
-35278
-35264
-35202
-35133
-35131
-35083
-35065
-34979
-34964
-34962
-34934
-34920
-34836
-34815
-34808
-34713
-34708
-34692
-34670
-34614
-34594
-34501
-34370
-34362
-34324
-34267
-34250
-34197
-34190
-33980
-33957
-33950
-33930
-33919
-33850
-33822
-33821
-33731
-33571
-33537
-33437
-33400
-33300
-33286
-33258
-33198
-33153
-33151
-33128
-33098
-33019
-32976
-32961
-32959
-32868
-32827
-32726
-32689
-32679
-32632
-32621
-32600
-32555
-32511
-32477
-32401
-32348
-32347
-32228
-32194
-32146
-32110
-32046
-32045
-32025
-31924
-31923
-31919
-31879
-31875
-31839
-31837
-31787
-31782
-31751
-31688
-31665
-31637
-31626
-31624
-31584
-31523
-31511
-31495
-31469
-31415
-31367
-31288
-31268
-31123
-30986
-30984
-30962
-30956
-30867
-30861
-30825
-30824
-30816
-30813
-30797
-30780
-30739
-30736
-30731
-30610
-30545
-30531
-30517
-30486
-30476
-30438
-30412
-30349
-30333
-30285
-30267
-30226
-30158
-30123
-30099
-30060
-29984
-29975
-29957
-29883
-29875
-29858
-29817
-29692
-29676
-29525
-29486
-29350
-29330
-29316
-29308
-29226
-29171
-29153
-29076
-29046
-29032
-29019
-29001
-28979
-28928
-28923
-28902
-28866
-28806
-28805
-28802
-28781
-28763
-28741
-28666
-28654
-28649
-28440
-28440
-28368
-28307
-28271
-28234
-28170
-28153
-28150
-28102
-27973
-27962
-27931
-27925
-27846
-27805
-27630
-27616
-27553
-27547
-27521
-27449
-27411
-27388
-27384
-27380
-27274
-27262
-27146
-27081
-27061
-27040
-26929
-26728
-26708
-26706
-26609
-26493
-26457
-26448
-26444
-26412
-26338
-26295
-26217
-26190
-26154
-26069
-25990
-25968
-25921
-25906
-25872
-25836
-25792
-25766
-25759
-25718
-25716
-25633
-25614
-25597
-25567
-25544
-25463
-25462
-25430
-25350
-25338
-25308
-25298
-25146
-25141
-25113
-25092
-25090
-25078
-25039
-25026
-24948
-24934
-24884
-24866
-24822
-24802
-24748
-24707
-24661
-24652
-24617
-24611
-24548
-24543
-24543
-24455
-24454
-24430
-24403
-24305
-24246
-24236
-24218
-24195
-24154
-24139
-24128
-24100
-24062
-24043
-23985
-23961
-23920
-23916
-23916
-23875
-23822
-23818
-23678
-23612
-23508
-23495
-23415
-23372
-23278
-23234
-23232
-23231
-23222
-23207
-23182
-23160
-23159
-23152
-23135
-23098
-22981
-22925
-22921
-22917
-22898
-22825
-22780
-22730
-22708
-22692
-22653
-22584
-22522
-22481
-22465
-22403
-22366
-22346
-22288
-22270
-22265
-22160
-22141
-22104
-22076
-22048
-22026
-21854
-21819
-21792
-21788
-21784
-21766
-21704
-21695
-21674
-21570
-21551
-21521
-21511
-21501
-21405
-21402
-21381
-21311
-21227
-21127
-21105
-21096
-21085
-21062
-21024
-20973
-20970
-20913
-20897
-20891
-20806
-20766
-20752
-20692
-20670
-20670
-20668
-20643
-20641
-20615
-20604
-20597
-20567
-20564
-20563
-20543
-20536
-20524
-20524
-20486
-20481
-20429
-20366
-20343
-20299
-20267
-20236
-20236
-20235
-20233
-20200
-20191
-20137
-20126
-20028
-20019
-19956
-19940
-19847
-19830
-19763
-19701
-19684
-19644
-19614
-19535
-19490
-19404
-19348
-19304
-19233
-19221
-19205
-19172
-19152
-19136
-19124
-19103
-19098
-19040
-18996
-18960
-18950
-18938
-18722
-18619
-18606
-18483
-18403
-18339
-18309
-18296
-18253
-18210
-18209
-18133
-18118
-18105
-18074
-18019
-17924
-17921
-17796
-17794
-17793
-17781
-17759
-17749
-17729
-17668
-17647
-17632
-17574
-17477
-17476
-17465
-17448
-17441
-17394
-17317
-17290
-17174
-17170
-17099
-17075
-17036
-16819
-16769
-16698
-16672
-16518
-16499
-16484
-16448
-16447
-16411
-16402
-16351
-16320
-16284
-16246
-16241
-16215
-16211
-16080
-16055
-16044
-15976
-15893
-15750
-15729
-15715
-15711
-15659
-15656
-15648
-15634
-15593
-15593
-15490
-15462
-15320
-15306
-15281
-15252
-15211
-15174
-15156
-15141
-15095
-14969
-14957
-14913
-14901
-14783
-14782
-14764
-14642
-14637
-14579
-14502
-14492
-14445
-14363
-14360
-14337
-14274
-14223
-14201
-14164
-14069
-14014
-13939
-13933
-13915
-13894
-13828
-13823
-13803
-13694
-13668
-13611
-13585
-13552
-13533
-13500
-13351
-13296
-13269
-13240
-13230
-13196
-13121
-13110
-13081
-13035
-12964
-12899
-12883
-12865
-12775
-12733
-12630
-12567
-12561
-12505
-12479
-12366
-12305
-12292
-12279
-12277
-12251
-12206
-12173
-12133
-12119
-12098
-11970
-11960
-11935
-11912
-11848
-11794
-11786
-11755
-11694
-11595
-11540
-11530
-11518
-11457
-11345
-11324
-11309
-11250
-11191
-11175
-11116
-10951
-10939
-10842
-10834
-10820
-10808
-10799
-10730
-10726
-10716
-10589
-10560
-10518
-10506
-10479
-10443
-10315
-10311
-10278
-10261
-10245
-10229
-10113
-10110
-10052
-10049
-10043
-10032
-9975
-9975
-9930
-9926
-9907
-9900
-9891
-9881
-9876
-9832
-9818
-9752
-9723
-9661
-9647
-9610
-9560
-9556
-9536
-9512
-9352
-9342
-9261
-9242
-9200
-9146
-9125
-9092
-9052
-8971
-8956
-8869
-8804
-8786
-8753
-8693
-8628
-8600
-8547
-8514
-8363
-8349
-8340
-8307
-8295
-8202
-8173
-8152
-8150
-8147
-8131
-8111
-8064
-8040
-7976
-7968
-7928
-7892
-7844
-7711
-7705
-7689
-7653
-7611
-7611
-7599
-7581
-7541
-7493
-7475
-7465
-7464
-7430
-7324
-7301
-7260
-7214
-7214
-7113
-7080
-7065
-6959
-6906
-6880
-6860
-6837
-6678
-6647
-6644
-6538
-6520
-6354
-6292
-6268
-6261
-6246
-6072
-6051
-6011
-5964
-5940
-5936
-5787
-5766
-5743
-5694
-5685
-5588
-5587
-5557
-5501
-5422
-5421
-5406
-5367
-5358
-5358
-5306
-5285
-5208
-5206
-5199
-5165
-5157
-5153
-5142
-5133
-5074
-5023
-4926
-4891
-4796
-4790
-4758
-4676
-4665
-4661
-4457
-4424
-4353
-4349
-4186
-4164
-4163
-4144
-4129
-4084
-4044
-4025
-4021
-4012
-3991
-3926
-3899
-3883
-3833
-3819
-3819
-3805
-3788
-3782
-3772
-3771
-3731
-3696
-3673
-3667
-3592
-3529
-3496
-3406
-3319
-3291
-3249
-3120
-3095
-3080
-3061
-3044
-3034
-2944
-2928
-2882
-2877
-2826
-2800
-2797
-2729
-2680
-2666
-2652
-2588
-2514
-2486
-2467
-2438
-2430
-2429
-2352
-2325
-2321
-2271
-2231
-2220
-2115
-2109
-1850
-1763
-1716
-1681
-1677
-1614
-1577
-1544
-1535
-1496
-1476
-1475
-1395
-1345
-1291
-1241
-1221
-1204
-1158
-1145
-1116
-1104
-971
-965
-915
-910
-902
-825
-793
-790
-767
-727
-708
-688
-647
-607
-598
-565
-550
-549
-507
-438
-382
-367
-361
-350
-349
-326
-312
-222
-161
-133
89
208
231
303
410
431
439
458
513
527
536
544
627
683
969
1041
1050
1091
1102
1171
1178
1221
1222
1228
1253
1368
1410
1447
1482
1489
1494
1522
1640
1672
1714
1716
1763
1884
1945
2022
2149
2255
2268
2331
2335
2336
2419
2444
2473
2492
2501
2523
2531
2534
2538
2580
2665
2798
2799
2847
2932
2963
3035
3035
3047
3050
3119
3136
3216
3260
3315
3327
3339
3448
3454
3489
3542
3550
3616
3652
3666
3682
3758
3768
3784
3812
3816
3877
3955
4014
4033
4034
4038
4059
4062
4154
4167
4192
4247
4252
4260
4289
4346
4449
4487
4489
4496
4504
4547
4613
4617
4620
4666
4678
4720
4832
4878
4902
4951
4955
5006
5033
5048
5087
5101
5138
5163
5281
5300
5316
5325
5405
5408
5480
5530
5540
5674
5787
5930
5932
5968
5998
6053
6060
6071
6187
6217
6234
6253
6263
6271
6320
6372
6383
6423
6449
6452
6452
6484
6496
6499
6518
6521
6523
6535
6592
6606
6677
6692
6702
6721
6794
6818
6848
6866
6869
6885
6891
7007
7014
7062
7067
7072
7155
7166
7219
7296
7318
7395
7402
7417
7421
7453
7479
7680
7739
7740
7832
7868
7876
7898
7911
7938
7947
7956
7968
7969
7972
7981
7991
7997
8002
8127
8140
8159
8253
8259
8282
8290
8327
8341
8380
8447
8473
8496
8507
8508
8509
8529
8539
8545
8570
8605
8647
8660
8708
8711
8756
8803
8898
8966
8970
9005
9021
9076
9086
9123
9137
9183
9330
9340
9342
9489
9519
9592
9594
9664
9700
9721
9743
9747
9768
9784
9845
9865
9883
9906
9906
9917
9923
10018
10045
10172
10318
10345
10381
10409
10503
10553
10564
10579
10600
10741
10742
10761
10771
10836
10845
10871
10963
11017
11040
11073
11086
11161
11201
11236
11327
11344
11353
11360
11461
11542
11549
11557
11563
11564
11596
11609
11620
11628
11659
11681
11683
11729
11837
11928
11930
11938
11951
11969
12034
12037
12088
12132
12135
12188
12245
12249
12256
12297
12373
12399
12459
12542
12550
12655
12658
12688
12793
12888
12892
12968
13004
13027
13066
13102
13110
13146
13155
13208
13281
13315
13403
13434
13463
13508
13540
13589
13662
13704
13816
13876
13889
13978
14012
14089
14122
14156
14181
14264
14295
14323
14355
14375
14401
14410
14459
14486
14608
14630
14659
14670
14673
14688
14895
14918
14956
15033
15095
15185
15200
15258
15303
15381
15435
15437
15440
15450
15456
15497
15519
15526
15656
15677
15735
15773
15853
15883
15930
15997
16017
16023
16035
16044
16094
16095
16109
16118
16137
16152
16186
16233
16248
16261
16394
16430
16434
16440
16485
16561
16597
16608
16674
16678
16731
16840
16863
16934
16953
17030
17071
17155
17162
17246
17296
17307
17322
17350
17368
17412
17414
17491
17554
17577
17612
17641
17653
17661
17683
17711
17746
17822
17974
17984
17991
18046
18053
18057
18059
18070
18167
18174
18179
18255
18260
18340
18378
18470
18482
18483
18539
18562
18584
18588
18590
18593
18603
18609
18644
18656
18708
18719
18732
18777
18826
18858
18879
18895
18955
19010
19016
19077
19128
19150
19198
19254
19264
19297
19369
19370
19409
19455
19456
19483
19495
19545
19580
19623
19645
19657
19666
19672
19689
19706
19732
19739
19743
19762
19773
19796
19806
19824
19874
20004
20103
20119
20122
20130
20160
20215
20223
20322
20371
20376
20385
20387
20429
20488
20511
20556
20589
20631
20640
20644
20690
20698
20744
20759
20792
20814
20884
20991
21108
21151
21155
21156
21192
21220
21235
21238
21251
21274
21286
21343
21376
21407
21418
21419
21461
21509
21511
21547
21579
21581
21581
21618
21697
21706
21913
21966
21999
22045
22067
22081
22124
22156
22196
22291
22303
22331
22344
22371
22388
22452
22515
22580
22588
22589
22682
22683
22695
22756
22787
22816
22990
22996
23002
23003
23044
23060
23149
23170
23170
23173
23197
23300
23321
23330
23386
23413
23429
23431
23453
23470
23496
23570
23610
23626
23631
23644
23651
23651
23677
23722
23790
23898
23900
23918
23918
23940
24015
24027
24062
24132
24161
24183
24186
24269
24417
24504
24578
24588
24593
24660
24667
24681
24717
24772
24779
24820
24830
24848
24871
24885
24933
24952
24995
25061
25172
25178
25188
25235
25244
25247
25501
25512
25542
25579
25580
25590
25648
25753
25789
25860
25880
25956
26042
26228
26234
26262
26312
26363
26368
26403
26453
26461
26508
26525
26620
26620
26630
26638
26648
26680
26681
26696
26706
26752
26801
26821
26829
26870
26917
26934
26992
27018
27019
27214
27219
27236
27258
27267
27280
27281
27282
27286
27298
27329
27334
27381
27440
27446
27486
27511
27512
27576
27592
27597
27654
27705
27790
27824
27872
27921
28001
28034
28165
28175
28195
28230
28394
28406
28465
28484
28513
28515
28535
28577
28585
28658
28673
28716
28781
28800
28909
29011
29021
29035
29058
29095
29148
29162
29165
29184
29218
29219
29290
29321
29333
29370
29495
29515
29538
29765
29815
29842
29927
29929
29955
29993
30034
30040
30059
30065
30102
30154
30176
30178
30195
30216
30230
30247
30274
30284
30297
30304
30334
30334
30342
30392
30425
30445
30458
30549
30633
30653
30815
30835
30859
30902
30939
31002
31049
31057
31145
31145
31227
31233
31296
31347
31356
31391
31397
31422
31512
31523
31569
31691
31739
31739
31742
31757
31765
31777
31785
31807
31871
31926
31997
32040
32061
32164
32274
32327
32331
32368
32423
32505
32524
32533
32609
32701
32708
32734
32758
32761
32838
32983
32997
33008
33040
33059
33185
33262
33373
33394
33470
33510
33512
33519
33561
33584
33617
33643
33715
33729
33768
33785
33798
33805
33840
33878
33898
33921
33984
34019
34077
34147
34189
34229
34285
34291
34312
34315
34340
34379
34405
34427
34504
34521
34593
34687
34861
34922
35084
35138
35168
35197
35211
35236
35285
35294
35303
35354
35424
35434
35478
35513
35603
35676
35734
35821
35930
35969
36027
36028
36046
36046
36062
36092
36100
36141
36151
36195
36208
36224
36301
36323
36334
36597
36602
36637
36650
36652
36653
36659
36751
36793
36847
36914
36946
37060
37113
37182
37194
37266
37318
37372
37433
37557
37577
37577
37606
37627
37642
37655
37681
37681
37700
37777
37893
37906
38001
38079
38112
38188
38245
38324
38343
38379
38432
38456
38487
38487
38499
38525
38578
38635
38639
38737
38744
38790
38830
38890
38939
38957
38977
38990
38997
39007
39029
39082
39083
39094
39103
39124
39143
39150
39157
39163
39180
39195
39204
39206
39258
39261
39300
39330
39348
39385
39392
39403
39484
39494
39529
39534
39534
39633
39769
39798
39863
39903
40051
40072
40194
40394
40452
40493
40497
40527
40589
40604
40732
40737
40789
40816
40936
40985
41017
41077
41115
41117
41167
41204
41249
41295
41356
41372
41396
41446
41448
41536
41538
41567
41615
41635
41636
41673
41715
41749
41782
41803
41809
41812
42049
42133
42177
42191
42230
42269
42403
42436
42454
42649
42670
42757
42807
42812
42813
42818
42919
42919
42985
43098
43111
43165
43195
43230
43236
43265
43515
43520
43527
43625
43686
43692
43809
43816
43841
43871
44002
44008
44041
44103
44163
44188
44279
44285
44307
44320
44346
44378
44400
44414
44429
44451
44454
44491
44563
44579
44681
44684
44795
44821
44857
44864
44868
44885
44904
44954
44966
45031
45037
45052
45144
45144
45191
45196
45218
45219
45224
45280
45293
45334
45434
45455
45588
45590
45638
45643
45698
45802
45835
45902
45921
45972
46008
46049
46110
46130
46164
46164
46166
46174
46205
46254
46300
46318
46330
46392
46399
46437
46445
46455
46490
46515
46527
46561
46580
46614
46623
46723
46723
46782
46916
47014
47043
47043
47070
47101
47133
47181
47250
47281
47289
47365
47375
47407
47420
47436
47472
47481
47487
47500
47502
47513
47517
47571
47580
47607
47614
47690
47859
47934
47946
47981
47982
47998
48154
48195
48196
48224
48292
48338
48343
48470
48542
48639
48671
48685
48702
48719
48790
48809
48834
48843
48850
48856
49013
49088
49147
49168
49172
49185
49195
49209
49242
49299
49375
49444
49464
49494
49522
49544
49575
49615
49639
49652
49766
49833
49857
49909
49916
49923
49931
49970
49982
49992
50101
50123
50146
50174
50236
50275
50475
50481
50486
50544
50638
50649
50676
50740
50793
50822
50851
50909
50924
50927
50968
51009
51028
51054
51073
51110
51233
51243
51253
51327
51351
51400
51412
51416
51497
51569
51637
51648
51653
51679
51685
51736
51807
51850
51869
51870
51880
51917
51991
52019
52046
52058
52157
52198
52205
52206
52225
52302
52324
52360
52381
52382
52457
52492
52631
52673
52721
52875
52962
52977
53038
53072
53103
53213
53318
53331
53438
53439
53545
53556
53655
53704
53711
53720
53784
53798
53845
53861
53899
53989
53999
54082
54171
54183
54183
54185
54194
54197
54197
54250
54254
54372
54377
54403
54449
54464
54525
54565
54695
54708
54767
54776
54927
54931
55027
55106
55123
55161
55200
55283
55290
55320
55342
55345
55430
55521
55715
55917
55938
55952
55969
55970
55975
56043
56080
56099
56105
56153
56234
56259
56303
56358
56406
56477
56478
56497
56517
56539
56685
56731
56759
56767
56769
56934
56980
57004
57035
57068
57131
57255
57256
57269
57350
57381
57394
57426
57543
57558
57581
57690
57720
57723
57761
57762
57797
57832
57835
57924
57940
58003
58006
58017
58035
58068
58102
58145
58316
58340
58344
58364
58419
58505
58571
58592
58653
58682
58749
58798
58805
58840
58842
58858
58916
58962
58963
59038
59054
59069
59090
59102
59159
59295
59308
59309
59360
59459
59486
59512
59563
59583
59598
59659
59669
59669
59676
59719
59743
59757
59882
59883
59908
59957
59957
59971
59984
60014
60071
60072
60118
60150
60154
60190
60274
60308
60346
60422
60426
60440
60471
60517
60529
60571
60605
60628
60696
60721
60735
60796
60982
60998
61009
61063
61134
61173
61185
61199
61239
61241
61281
61313
61367
61370
61383
61480
61486
61488
61569
61605
61624
61680
61777
61873
61901
61904
61906
61975
62023
62111
62137
62241
62351
62354
62560
62581
62597
62754
62759
62794
62894
62915
62965
63011
63024
63093
63150
63167
63190
63277
63287
63320
63337
63345
63352
63415
63445
63460
63489
63490
63557
63567
63594
63603
63642
63736
63742
63747
63757
63813
63821
63838
63851
63990
64003
64076
64086
64128
64173
64240
64252
64288
64303
64328
64358
64362
64372
64421
64479
64485
64496
64508
64517
64520
64523
64558
64592
64635
64758
64903
64907
64937
65010
65022
65026
65027
65027
65040
65058
65164
65184
65196
65208
65214
65241
65292
65342
65360
65363
65368
65508
65574
65574
65589
65650
65748
65777
65783
65804
65833
65858
65867
65879
65918
65949
66044
66107
66124
66129
66131
66138
66176
66275
66275
66340
66373
66427
66489
66536
66639
66664
66730
66861
66986
67061
67096
67196
67200
67313
67393
67403
67409
67416
67498
67542
67565
67622
67623
67631
67666
67696
67710
67717
67780
67787
67893
67958
67961
67973
67990
67993
68025
68088
68091
68141
68142
68175
68290
68306
68345
68366
68387
68394
68400
68405
68407
68419
68424
68457
68463
68748
68785
68834
68843
68872
68888
68907
68910
68957
68958
68975
69121
69249
69282
69291
69303
69333
69384
69428
69429
69434
69604
69610
69626
69734
69783
69839
69845
69930
69995
70008
70117
70124
70146
70164
70186
70228
70235
70242
70285
70290
70369
70437
70439
70453
70483
70512
70546
70565
70602
70618
70828
70842
70877
71092
71140
71140
71148
71265
71298
71375
71436
71472
71513
71598
71636
71669
71672
71683
71884
71913
71988
72025
72026
72028
72081
72127
72146
72214
72274
72349
72357
72398
72403
72409
72426
72473
72560
72576
72621
72628
72667
72704
72710
72834
72844
72872
72899
72913
72922
72932
72938
72945
73102
73116
73213
73236
73278
73288
73374
73399
73407
73415
73424
73440
73443
73459
73584
73611
73612
73625
73629
73633
73655
73655
73661
73694
73711
73720
73725
73780
73781
73852
73980
73994
74020
74116
74150
74151
74194
74241
74292
74308
74320
74357
74367
74369
74425
74428
74546
74551
74590
74665
74668
74685
74716
74736
74740
74778
74845
74846
74853
74864
74941
75221
75289
75331
75331
75333
75333
75354
75418
75428
75440
75448
75453
75468
75475
75493
75495
75566
75579
75595
75645
75703
75726
75726
75796
75815
75824
75854
75917
75964
75965
75973
76016
76063
76072
76094
76175
76291
76328
76386
76428
76452
76484
76492
76507
76528
76582
76656
76699
76742
76758
76840
76842
77000
77196
77240
77321
77324
77336
77385
77418
77443
77492
77541
77554
77608
77681
77750
77879
77931
78001
78020
78052
78053
78106
78229
78296
78380
78410
78417
78461
78505
78512
78535
78779
78798
78820
78839
78844
78891
78896
78911
78964
78966
78985
79024
79042
79105
79153
79163
79219
79245
79268
79322
79343
79353
79358
79392
79422
79438
79444
79486
79488
79607
79611
79653
79711
79770
79781
79915
79930
79934
79967
80004
80005
80017
80065
80084
80115
80141
80232
80260
80276
80353
80491
80511
80579
80631
80673
80722
80745
80783
80832
81071
81072
81077
81105
81179
81220
81229
81251
81271
81288
81295
81303
81366
81389
81439
81476
81514
81523
81539
81564
81574
81654
81691
81741
81807
81844
81864
81878
81891
81905
81926
82027
82068
82095
82125
82136
82138
82154
82186
82368
82371
82473
82550
82634
82649
82658
82848
82860
82883
82970
82973
82992
83018
83043
83051
83098
83103
83327
83463
83480
83551
83616
83642
83691
83736
83747
83751
83786
83824
83836
83879
83972
84060
84169
84170
84175
84375
84500
84525
84552
84592
84809
84880
84929
84939
85050
85114
85128
85135
85261
85290
85318
85332
85401
85407
85436
85551
85617
85664
85664
85876
85886
85906
85922
85924
85940
86004
86019
86064
86119
86152
86186
86190
86318
86351
86403
86406
86424
86518
86546
86547
86588
86623
86688
86739
86775
86874
86888
86923
87041
87127
87231
87243
87290
87322
87330
87346
87365
87366
87392
87446
87471
87478
87661
87669
87711
87814
87900
87964
87967
88027
88046
88092
88105
88107
88136
88176
88248
88293
88346
88441
88464
88478
88547
88567
88571
88582
88616
88724
88779
88809
88812
88851
88854
88861
88882
88923
88947
88954
89140
89224
89239
89328
89329
89408
89450
89457
89460
89471
89622
89691
89717
89778
89823
89830
89862
89905
89960
89993
90013
90048
90063
90083
90107
90122
90143
90173
90281
90296
90310
90363
90530
90560
90615
90786
90807
90811
90818
90932
90974
91013
91048
91067
91105
91131
91165
91184
91245
91284
91301
91323
91361
91455
91465
91526
91615
91635
91709
91726
91741
91815
91916
91966
92157
92215
92228
92235
92239
92264
92334
92420
92425
92435
92490
92530
92530
92563
92586
92599
92623
92645
92648
92670
92679
92724
92765
92804
92806
92896
92905
93006
93024
93026
93051
93052
93084
93127
93165
93249
93284
93331
93426
93472
93503
93517
93540
93552
93572
93595
93599
93639
93698
93731
93776
93821
93861
93883
93895
93908
93917
93922
93965
93976
93982
93983
93983
94149
94150
94154
94212
94279
94307
94343
94357
94402
94406
94556
94603
94620
94623
94692
94698
94733
94752
94833
94850
94879
94910
94940
94959
94967
95014
95109
95123
95171
95174
95175
95199
95323
95346
95361
95435
95491
95494
95581
95613
95680
95727
95779
95787
95821
95903
95911
95930
95957
95995
96007
96022
96067
96093
96104
96116
96148
96198
96238
96248
96260
96360
96369
96394
96434
96467
96476
96647
96685
96705
96736
96769
96796
96803
96817
96823
96871
96881
96934
96969
96998
97058
97074
97131
97201
97243
97252
97304
97327
97328
97333
97339
97378
97456
97530
97534
97545
97558
97608
97614
97656
97684
97746
97806
97837
97993
98011
98030
98069
98102
98186
98226
98234
98252
98253
98296
98318
98349
98362
98427
98432
98443
98484
98497
98564
98593
98668
98770
98828
98892
98911
98972
98974
98982
99088
99097
99167
99187
99251
99267
99267
99268
99328
99340
99375
99416
99425
99452
99539
99549
99587
99670
99871
99883
99943
99944
